1 1 1
0 1 1
&&&
0 1 1

10000000 00000000 00000000 00000111 //-7
10000000 00000000 00000000 00000011 //-3

11111111 11111111 11111111 11111000 //-7 1의보수
11111111 11111111 11111111 11111100

11111111 11111111 11111111 11111001
11111111 11111111 11111111 11111101

11111111 11111111 11111111 11111000
10000000 00000000 00000000 00000111
10000000 00000000 00000000 00001000

0111
0011

-1000
-0100

111
011
|
111

111
011
^
100

~111
0000 0000 0000 0000 ... 0111
1111 1111 1111 1111 ... 1000
-1000

111
100
&
100

111
100
|
111

111
100
^
011

~100
0100
1011

2 147 483 647
0010 0001 0100 0111 0100 1000 0011 0110 0100 0111 // 2147483647
1101 1110 1011 1000 1011 0111 1100 1001 1011 1000
1010 0001 0100 0111 0100 1000 0011 0110 0100 0111 // 1의 보수
1010 0001 0100 0111 0100 1000 0011 0110 0100 1000 // 2의 보수
-2147483648


1111 1111 1111 1111 1111 1111 1111 1111 1111 1111
0000 0000 0000 0000 0000 0000 0000 0000 0000 0000
1111 1111 1111 1111 1111 1111 1111 1111 1111 1111
0001 0000 0000 0000 0000 0000 0000 0000 0000 0000 0000